HF
forma-forma
10
p-p
Frenkel
Angstrohm
x
x
180
PVDZ                                                                

mon calc method
CCSD

local exc mon_A
%excite*
1                                                                               
1                                                                               
1 7 0 9 0 1.0    
     
IP exc mon_A
%excite*
1                                                                               
1                                                                               
1 7 0 9 0 1.0   

EA exc mon_A
%excite*
1                                                                               
1                                                                               
1 9 0 10 0 1.0   

local exc mon_B
%excite*
1                                                                               
1                                                                               
1 7 0 9 0 1.0    
     
IP exc mon_B
%excite*
1                                                                               
1                                                                               
1 7 0 9 0 1.0   

EA exc mon_B
%excite*
1                                                                               
1                                                                               
1 9 0 10 0 1.0       

geom pyrrole efp
10
A01C,         -2.13408422,    -0.63951564,    0.0
A02N,         -0.00000000,    -2.12425676,    0.0
A03C,         2.13408422,    -0.63951564,    0.0
A04C ,       1.34833045,     1.87677352,    0.0
A05C,         -1.34833045,     1.87677352,    0.0
A06H,         -0.00000000,    -4.03852931,    0.0
A07H,         4.01515258,    -1.47402964,    0.0
A08H,         2.59133757,     3.51906038,    0.0
A09H,         -2.59133757,     3.51906038,    0.0
A10H,         -4.01515258,    -1.47402964,    0.0

geom pyrrole
10
C,        -2.13408422,    -0.63951564,    0.0
N,         -0.00000000,    -2.12425676,    0.0
C,         2.13408422,    -0.63951564,    0.0
C,       1.34833045,     1.87677352,    0.0
C,         -1.34833045,     1.87677352,    0.0
H,         -0.00000000,    -4.03852931,    0.0
H,         4.01515258,    -1.47402964,    0.0
H,         2.59133757,     3.51906038,    0.0
H,         -2.59133757,     3.51906038,    0.0
H,         -4.01515258,    -1.47402964,    0.0

geom forma
4
H,        0.0,       -1.7658984109,        2.2668936324
H,        0.0,        1.7658984109,        2.2668936324
C,        0.0,        0.0000000000,        1.1552299062
O,        0.0,        0.0000000000,       -1.1523227071

geom forma efp
4
A01H,        0.0,       -1.7658984109,        2.2668936324
A02H,        0.0,        1.7658984109,        2.2668936324
A03C,        0.0,        0.0000000000,        1.1552299062
A04O,        0.0,        0.0000000000,       -1.1523227071

geom cyt kek
13
H1,  0,     4.57318104,    -1.40339320
H2,  0, 1.89746787,    -5.01715602
H3,  0,  -2.81356011,    -4.27724871
H4,  0,    -6.09996035,    -0.93458452
H5,  0,    -5.27618535,     2.25703329
C6,  0,     1.05883012,    -3.14419229
C7,  0, -1.47500445,    -2.72805767
C8,  0,    -2.25281396,    -0.12401451
C9,  0,     1.88553628,     1.41492917
O10,  0, 3.50446592,     3.07458125
N11,  0,    -0.68827826,     1.82013244
N12,  0,     2.67321089,    -1.14978442
N13,  0,    -4.76094797,     0.41848937


geom ura kek
12
H1, 0,     4.55227680,     1.58661580
H2, 0,    -1.12414321,    -3.53170510
H3, 0,    -2.94840169,     4.23112938
H4, 0,     1.72006995,     5.05662728
C5, 0,     2.02950086,    -1.31707360
C6, 0,    -2.50998784,     0.11701484
C7, 0,    -1.58262667,     2.70970416
C8, 0,     0.93123160,     3.16353353
O9, 0,     3.59637008,    -3.01816065
O10, 0,    -4.73336138,    -0.54381348
N11, 0,     2.67148655,     1.22954762
N12, 0,    -0.56111808,    -1.69407412

geom cyt efp
13
A01H,  0,     4.57318104,    -1.40339320
A02H,  0, 1.89746787,    -5.01715602
A03H,  0,  -2.81356011,    -4.27724871
A04H,  0,    -6.09996035,    -0.93458452
A05H,  0,    -5.27618535,     2.25703329
A06C,  0,     1.05883012,    -3.14419229
A07C,  0, -1.47500445,    -2.72805767
A08C,  0,    -2.25281396,    -0.12401451
A09C,  0,     1.88553628,     1.41492917
A10O,  0, 3.50446592,     3.07458125
A11N,  0,    -0.68827826,     1.82013244
A12N,  0,     2.67321089,    -1.14978442
A13N,  0,    -4.76094797,     0.41848937


geom cyt
13
H,  0,     4.57318104,    -1.40339320
H,  0, 1.89746787,    -5.01715602
H,  0,  -2.81356011,    -4.27724871
H,  0,    -6.09996035,    -0.93458452
H,  0,    -5.27618535,     2.25703329
C,  0,     1.05883012,    -3.14419229
C,  0, -1.47500445,    -2.72805767
C,  0,    -2.25281396,    -0.12401451
C,  0,     1.88553628,     1.41492917
O,  0, 3.50446592,     3.07458125
N,  0,    -0.68827826,     1.82013244
N,  0,     2.67321089,    -1.14978442
N,  0,    -4.76094797,     0.41848937

geom ura efp
12
A01H, 0,     4.55227680,     1.58661580
A02H, 0,    -1.12414321,    -3.53170510
A03H, 0,    -2.94840169,     4.23112938
A04H, 0,     1.72006995,     5.05662728
A05C, 0,     2.02950086,    -1.31707360
A06C, 0,    -2.50998784,     0.11701484
A07C, 0,    -1.58262667,     2.70970416
A08C, 0,     0.93123160,     3.16353353
A09O, 0,     3.59637008,    -3.01816065
A10O, 0,    -4.73336138,    -0.54381348
A11N, 0,     2.67148655,     1.22954762
A12N, 0,    -0.56111808,    -1.69407412

geom ura
12
H, 0,     4.55227680,     1.58661580
H, 0,    -1.12414321,    -3.53170510
H, 0,    -2.94840169,     4.23112938
H, 0,     1.72006995,     5.05662728
C, 0,     2.02950086,    -1.31707360
C, 0,    -2.50998784,     0.11701484
C, 0,    -1.58262667,     2.70970416
C, 0,     0.93123160,     3.16353353
O, 0,     3.59637008,    -3.01816065
O, 0,    -4.73336138,    -0.54381348
N, 0,     2.67148655,     1.22954762
N, 0,    -0.56111808,    -1.69407412


geom pyridine1
11
  N   -0.941211241   0.790041357   0.011718907
  C   -0.922755241  -0.552378143   0.035378753
  H    0.057240512  -1.015588001   0.051354911
  C   -2.076519070  -1.333018128   0.039290353
  H   -1.996528949  -2.410585726   0.058877202
  C   -3.316312937  -0.703339547   0.017599046
  H   -4.231574887  -1.279084289   0.019793768
  C   -3.348895280   0.687018806  -0.007085956
  H   -4.285444142   1.226104547  -0.024658994
  C   -2.143103821   1.382633563  -0.008890049
  H   -2.138099744   2.465652585  -0.027782973

geom pyridine2
11
  N    2.533211285  -0.950029301   0.042517891
  C    3.734990101  -1.543205537   0.044597731
  H    3.729766249  -2.626167990   0.066486897
  C    4.940926338  -0.848246979   0.020596351
  H    5.877364664  -1.387782157   0.023690359
  C    4.908608730   0.542057478  -0.007150359
  H    5.823983667   1.117308529  -0.026331869
  C    3.668928399   1.172343609  -0.009627465
  H    3.589155668   2.249902187  -0.030716029
  C    2.515014828   0.392333988   0.015566203
  H    1.535104428   0.855996570   0.013903358

geom furan
9
O,	0.26386244,	-0.21712952,	-0.01638392
C,	-1.27382649,	-2.26980658,	-0.11478196
H,	-0.32720605,	-4.07755625,	-0.21242410
C,	-3.76786796,	-1.53916292,	-0.06523334
H,	-5.38828909,	-2.78105305,	-0.12147159
C,	-3.75785241,	1.13302301,	0.07235761
H,	-5.36891940,	2.38619480,	0.14460183
C,	-1.25840633,	1.84622450,	0.09716971
H,	-0.29825545,	3.64730344,	0.18534432

geom cye
8
C,	-4.17548185,	0.05778782,	-0.04074249
C,	-1.63500982,	0.08088027,	0.00109604
H,	-5.23529688,	-1.69893925,	-0.15248199
H,	-5.27014343,	1.79495623,	0.03552685
C,	-0.30012628,	2.41100690,	0.14815452
C,	-0.25390358,	-2.22456654,	-0.10125152
N,	0.75313140,	4.33045828,	0.26856786
N,	0.83743207,	-4.12455374,	-0.18632698

vdW forma-forma AUG-PVDZ 
2	0.1761900000000
2.2	0.0893400000000
2.4	0.0431500000000
2.6	0.0195600000000
2.8	0.0080600000000
3	0.0027700000000
3.2	0.0005100000000
3.4	-0.0003600000000
3.6	-0.0006156340000
3.8	-0.0006215320000
4	-0.0005487230000
4.2	-0.0004579170000
4.4	-0.0003731656000
4.6	-0.0003014166000
4.8	-0.0002430824000
5	-0.0001964344000
6	-0.0000722341000
7	-0.0000298310000
8	-0.0000136776000
9	-0.0000068423000
10	-0.0000036733000

vdW forma-forma PVDZ 
2	0.1642500000000
2.2	0.0795900000000
2.4	0.0351200000000
2.6	0.0132400000000
2.8	0.0034700000000
3	-0.0003000000000
3.2	-0.0013693680000
3.4	-0.0013948510000
3.6	-0.0011173280000
3.8	-0.0008213170000
4	-0.0005872720000
4.2	-0.0004213694000
4.4	-0.0003082002000
4.6	-0.0002309810000
4.8	-0.0001771522000
5	-0.0001384845000
6	-0.0000479381000
7	-0.0000195814000
8	-0.0000089650000
9	-0.0000044851000
10	-0.0000024081000

exch forma-forma PVDZ 
2	0.181670000
2.2	0.09073000
2.4	0.04241000
2.6	0.01811000
2.8	0.00679000
3	0.00201000
3.2	0.00027063
3.4	-0.00021485
3.6	-0.00025551
3.8	-0.00018176
4	-0.00010632
4.2	-0.00005524
4.4	-0.00002630
4.6	-0.00001166
4.8	-0.00000486
5	-0.00000192
6	-0.00000001
7	0.00000000
8	0.00000000
9	0.00000000
10	0.00000000

exch forma-forma AUG-PVDZ 
2	0.20238000
2.2	0.10619000
2.4	0.05421000
2.6	0.02697000
2.8	0.01312000
3	0.00629000
3.2	0.00300000
3.4	0.00144000
3.6	0.00070437
3.8	0.00035477
4	0.00018556
4.2	0.00010111
4.4	0.00005725
4.6	0.00003344
4.8	0.00001997
5	0.00001206
6	0.00000092
7	0.00000005
8	0.00000000
9	0.00000000
10	0.00000000



elstat forma-forma AUG-PVDZ lower n-R
2	-0.01356511019199050
2.2	-0.00947973022599058
2.4	-0.00672501888399779
2.6	-0.00481426454999223
2.8	-0.00345759430899761
3	-0.00247722568799702
3.2	-0.00176032740598941
3.4	-0.00123224941899025
3.6	-0.00084172199699140
3.8	-0.00055234036199181
4	-0.00033818244899919
4.2	-0.00018024821099516
4.4	-0.00006445329700000
4.6	0.00001984128100219
4.8	0.00008027552800627
5	0.00012292093499866
6	0.00019199405400627
7	0.00017289459800907
8	0.00013996042100928
9	0.00011046574900320
10	0.00008713732201215

elstat forma-forma AUG-PVDZ s-p
2	-0.00639777127099705
2.2	-0.00366948227699027
2.4	-0.00225344491099122
2.6	-0.00148091386499516
2.8	-0.00103721336100193
3	-0.00076854154099237
3.2	-0.00059739474599496
3.4	-0.00048315857699777
3.6	-0.00040364927099290
3.8	-0.00034620714599498
4	-0.00030313854699671
4.2	-0.00026974679700231
4.4	-0.00024282836199063
4.6	-0.00022056137198945
4.8	-0.00020162788899825
5	-0.00018514084399612
6	-0.00012515396899460
7	-0.00008741030799797
8	-0.00006278657599523
9	-0.00004615949799813
10	-0.00003482221899276


elstat forma-forma AUG-PVDZ p-p
2	-0.01384892067400760
2.2	-0.01014721437699960
2.4	-0.00749490398300168
2.6	-0.00562517044700428
2.8	-0.00429994178300319
3	-0.00334828333600967
3.2	-0.00265468072200292
3.4	-0.00214178780800012
3.6	-0.00175699066200252
3.8	-0.00146419296200406
4	-0.00123807217600813
4.2	-0.00106062494799630
4.4	-0.00091926939900588
4.6	-0.00080469231100722
4.8	-0.00071038330300155
5	-0.00063162988000443
6	-0.00037817479000069
7	-0.00024530904200049
8	-0.00016785176499923
9	-0.00011977950499897
10	-0.00008827028300118

elstat forma-forma PVDZ s-p
2	-0.00342199171699065
2.2	-0.00200653421299535
2.4	-0.00134108876599726
2.6	-0.00101284081900133
2.8	-0.00083111315099416
3	-0.00071355074399548
3.2	-0.00062634218899405
3.4	-0.00055576981399952
3.6	-0.00049595843299244
3.8	-0.00044430118799710
4	-0.00039913736299013
4.2	-0.00035944576399061
4.4	-0.00032446357299421
4.6	-0.00029351181099457
4.8	-0.00026608762799185
5	-0.00024174393900012
6	-0.00015435514499984
7	-0.00010337644899039
8	-0.00007214358500107
9	-0.00005213050098973
10	-0.00003879209599233


elstat forma-forma PVDZ p-p
2	-0.00900124811400360
2.2	-0.00608415877900370
2.4	-0.00426624803900211
2.6	-0.00308974929200190
2.8	-0.00229604530099436
3	-0.00174099802400463
3.2	-0.00134176391100027
3.4	-0.00104839982400051
3.6	-0.00082917681000083
3.8	-0.00066305244800446
4	-0.00053560829999810
4.2	-0.00043674877399269
4.4	-0.00035926752799753
4.6	-0.00029796597699772
4.8	-0.00024903025999379
5	-0.00020963657600248
6	-0.00009735704199443
7	-0.00005133976100069
8	-0.00002981628000498
9	-0.00001865860200212
10	-0.00001238257600278

elstat forma-forma PVDZ gr state
2	-0.013311043708
2.2	-0.009839915810
2.4	-0.007529263500
2.6	-0.005925748506
2.8	-0.004768615860
3	-0.003905584616
3.2	-0.003244690586
3.4	-0.002727872937
3.6	-0.002316797436
3.8	-0.001985171167
4	-0.001714376469
4.2	-0.001490907751
4.4	-0.001304763028
4.6	-0.001148405032
4.8	-0.001016074472
5	-0.000903307832
6	-0.000532742464
7	-0.000339787644
8	-0.000229655232
9	-0.000162323200
10	-0.000118891567

elstat forma-forma AUG-PVDZ gr state
2	-0.013311043708
2.2	-0.009839915810
2.4	-0.007529263500
2.6	-0.005925748506
2.8	-0.004768615860
3	-0.003905584616
3.2	-0.003244690586
3.4	-0.002727872937
3.6	-0.002316797436
3.8	-0.001985171167
4	-0.001714376469
4.2	-0.001490907751
4.4	-0.001304763028
4.6	-0.001148405032
4.8	-0.001016074472
5	-0.000903307832
6	-0.000532742464
7	-0.000339787644
8	-0.000229655232
9	-0.000162323200
10	-0.000118891567

elstat forma-forma PVDZ n-p
2	-0.0051081739
2.2	-0.0035380037
2.4	-0.0026964548
2.6	-0.0022007864
2.8	-0.0018687153
3	-0.0016194510
3.2	-0.0014181905
3.4	-0.0012494958
3.6	-0.0011054774
3.8	-0.0009814647
4	-0.0008741357
4.2	-0.0007809089
4.4	-0.0006996814
4.6	-0.0006287027
4.8	-0.0005665048
5	-0.0005118476
6	-0.0003200930
7	-0.0002115722
8	-0.0001463826
9	-0.0001051477S
10	-0.0000779184

elstat forma-forma PVDZ CT-CT
2	-0.308650245
2.2	-0.259466788
2.4	-0.226290468
2.6	-0.202989711
2.8	-0.185918897
3	-0.172668649
3.2	-0.161670696
3.4	-0.152268125
3.6	-0.144010437
3.8	-0.136664436
4	-0.129996354
4.2	-0.123999154
4.4	-0.118529314
4.6	-0.113518165
4.8	-0.10891016
5	-0.104659743
6	-0.087542966
7	-0.07521127
8	-0.065875643
9	-0.058621632
10	-0.052803106

elstat forma-forma AUG-PVDZ CT-CT
2	-0.308650245
2.2	-0.259466788
2.4	-0.226290468
2.6	-0.202989711
2.8	-0.185918897
3	-0.172668649
3.2	-0.161670696
3.4	-0.152268125
3.6	-0.144010437
3.8	-0.136664436
4	-0.129996354
4.2	-0.123999154
4.4	-0.118529314
4.6	-0.113518165
4.8	-0.10891016
5	-0.104659743
6	-0.087542966
7	-0.07521127
8	-0.065875643
9	-0.058621632
10	-0.052803106

elstat forma-forma PVDZ reference
2	-227.676332
2.2	-227.709921
2.4	-227.730489
2.6	-227.741797
2.8	-227.747574
3	-227.750294
3.2	-227.751418
3.4	-227.751752
3.6	-227.751719
3.8	-227.751531
4	-227.751289
4.2	-227.751042
4.4	-227.750810
4.6	-227.750602
4.8	-227.750419
5	-227.750260
6	-227.749730
7	-227.749453
8	-227.749295
9	-227.749198
10	-227.749136

